[gd_scene load_steps=5 format=3 uid="uid://cktk6wxdwamwb"]

[ext_resource type="PackedScene" uid="uid://c1s5mtdyk8bbv" path="res://player.tscn" id="1_xwmcx"]
[ext_resource type="Texture2D" uid="uid://da2nxggx6i4os" path="res://Luhrs_Tower_Hallway.jpg" id="2_yp5px"]
[ext_resource type="PackedScene" uid="uid://emp13r1vfgis" path="res://ground.tscn" id="3_y26nk"]

[sub_resource type="Environment" id="Environment_rq444"]
background_mode = 1

[node name="Main" type="Node3D"]

[node name="Player" parent="." instance=ExtResource("1_xwmcx")]
transform = Transform3D(-0.953644, 0, -0.300939, 0, 1, 0, 0.300939, 0, -0.953644, 0, 0, 0)

[node name="Camera3D" type="Camera3D" parent="."]
transform = Transform3D(1, 0, 0, 0, 0.960338, 0.27884, 0, -0.27884, 0.960338, -0.139043, 1.11174, 3.87323)

[node name="DirectionalLight3D" type="DirectionalLight3D" parent="."]
transform = Transform3D(0.765719, -0.169202, 0.62052, -0.214815, 0.842095, 0.494703, -0.606241, -0.5121, 0.608461, 0, 2.05434, 0)

[node name="Corridor" type="Node3D" parent="."]

[node name="Floor" type="Node3D" parent="Corridor"]
transform = Transform3D(1, 0, 0, 4.65661e-10, 1, -1.49012e-08, 3.72529e-09, 0, 1, 0, 0, 0)

[node name="Ground" parent="Corridor/Floor" instance=ExtResource("3_y26nk")]
transform = Transform3D(8.59311, 0.0371417, 6.59906, -0.363816, 0.999184, 0.0763937, -2.79669, -0.0158604, 20.2663, -2.84057, -3.8935, -6.70305)

[node name="Walls" type="Node3D" parent="Corridor"]
transform = Transform3D(1, 4.65661e-10, 0, 9.31323e-10, 1, -2.98023e-08, 7.45058e-09, -2.32831e-10, 1, 0, 0, 0)

[node name="Ground" parent="Corridor/Walls" instance=ExtResource("3_y26nk")]
transform = Transform3D(-0.148727, -0.942866, 7.08229, 6.12268, -0.0193697, 0.385568, -0.0650473, 0.332609, 20.099, 0.193227, -0.586666, -7.47077)

[node name="Ground3" parent="Corridor/Walls" instance=ExtResource("3_y26nk")]
transform = Transform3D(-0.0641426, 0.0999964, 4.098, 6.12268, -0.023179, 0.0529348, 0.149119, 0.994718, -0.410728, -4.78818, -0.407342, -16.9763)

[node name="Ground2" parent="Corridor/Walls" instance=ExtResource("3_y26nk")]
transform = Transform3D(-0.148727, -0.970804, 5.79828, 6.12268, -0.0210434, 0.391484, -0.0650473, 0.23895, 23.5917, -5.44904, -0.267181, -10.4481)

[node name="Sprite3D" type="Sprite3D" parent="Corridor"]
transform = Transform3D(10, 0, 0, 0, 10, 0, 0, 0, 10, 0, -10, -60.115)
texture = ExtResource("2_yp5px")

[node name="WorldEnvironment" type="WorldEnvironment" parent="."]
environment = SubResource("Environment_rq444")
